%YAML:1.0
---
model_type: PINHOLE
camera_name: camera
image_width: 320
image_height: 240
distortion_parameters:
   k1: -0.385018
   k2: 0.151281
   p1: -0.004722
   p2: 0.004477
projection_parameters:
   fx: 221.911577
   fy: 296.678217
   cx: 152.963769
   cy: 140.598284
