%YAML:1.0
---
model_type: PINHOLE
camera_name: camera
image_width: 320
image_height: 240
distortion_parameters:
   k1: -0.400277
   k2:  0.190072
   p1: -0.003888
   p2:  0.002995
projection_parameters:
   fx: 216.587179
   fy: 288.814935
   cx: 152.272854
   cy: 123.514917
