%YAML:1.0
---
model_type: PINHOLE
camera_name: camera
image_width: 320
image_height: 240
distortion_parameters:
   k1: -0.378410
   k2:  0.124811
   p1: -0.000423
   p2:  -0.002674
projection_parameters:
   fx: 223.401364
   fy: 297.556234
   cx: 161.232191
   cy: 125.228692
