%YAML:1.0
---
model_type: PINHOLE
camera_name: camera
image_width: 320
image_height: 240
distortion_parameters:
   k1: -0.366492
   k2: 0.131390
   p1: 0.003942
   p2: 0.002818
projection_parameters:
   fx: 224.12527
   fy: 298.99365
   cx: 163.50569
   cy: 124.05618
