%YAML:1.0
---
model_type: PINHOLE
camera_name: camera
image_width: 320
image_height: 240
distortion_parameters:
   k1: -0.392289
   k2:  0.156099
   p1: -0.002773
   p2:  0.003161
projection_parameters:
   fx: 217.798420
   fy: 290.695690
   cx: 153.037845
   cy: 124.010739
