%YAML:1.0
---
model_type: PINHOLE
camera_name: camera
image_width: 320
image_height: 240
distortion_parameters:
   k1: -0.401952
   k2:  0.191512
   p1:  -0.005183
   p2:  0.002016
projection_parameters:
   fx: 222.982335
   fy: 297.251762
   cx: 154.506880
   cy: 131.022669
