%YAML:1.0
---
model_type: PINHOLE
camera_name: camera
image_width: 320
image_height: 240
distortion_parameters:
   k1: -0.374990
   k2: 0.147179
   p1: -0.003677
   p2: 0.004474
projection_parameters:
   fx: 230.458
   fy: 306.66993
   cx: 160.56834
   cy: 129.52017
